CMPE 452 Assignment 2
Backpropagating Neural Network
Curtis Shewchuk
SN:10189026

The initial weights matrices are given below:
Weights from input nodes to hidden nodes:
[ 0.94965142 -0.79984181 -0.97360643  0.41341826 -0.5278225   1.6076254
  0.30879156  0.17703608  1.24222912  1.37386275][-3.25180384  1.57685546  5.60812705  2.20937423 -2.56466619 -0.00930577
  7.12190425  3.23578642 -0.12801905 -7.53096153][  4.9634651   -2.12026404 -10.2261213   -1.33514021  -1.67850855
  -0.86015997  -2.25962389   3.99287012   0.52677997  11.02851715][-1.96782854  2.52526767  8.46599278 -5.05898868  0.97777507  4.01277255
 -7.44578237 -2.37595255  0.14057125 -0.19201066][ 2.75035691 -4.78020291 -3.62012567 -0.21430962  3.42995713 -3.66190711
 -7.73929011 -8.08032267 -1.08176829  7.98634146][ 1.62058586 -5.27402721 -0.93463197  1.21004243  1.29792278 -5.22873623
 -0.68441649  5.88622368 -1.68870854  2.66694215][-3.69074855  0.98852985  3.83199323 -0.06501168 -0.39426525  2.87111459
  5.89429899 -8.01484851 -3.49607664 -3.11005894][-1.87918962  0.2063764  -3.95193449  1.53480338  1.50643547  4.40858457
  2.35674627  3.20056686 -4.7642564  -3.79750889]
Weights from hidden nodes to output nodes:
[-3.9653115  -2.7347026   7.29133065 -3.69650919 -9.53117481 -5.98055566
  6.84322267 -4.51085969][-1.31337426 -8.92719076 -1.8554163   8.17388787  6.06370531 -2.60580913
 -3.55064375 -3.56820848][ -1.86813528   8.31254738 -11.58847099   0.53066602  -5.66043951
  -4.39330196   1.76110734   2.81578272][-4.26102753 -4.75148223  0.92348754 -6.72283377  2.23922353 -2.54063852
  4.96223111  1.90982491][-3.80997028 -0.14682012 -5.94741649 -5.5866122   5.8247629   5.22874142
  2.6180458  -4.80137038][ 0.05606256  2.869494    1.16122307 -1.24144447 -6.44580418  5.65734111
 -7.42994531  1.91125291]

Learning rate:0.02

Number of Epochs: 4000

Momentum Parameter: 1

Total precision 0.8857142857142857

Total Recall: 0.8857142857142857


 CONFUSION MATRIX

 True Positive: 14.761904761904763% False Positive: 1.9047619047619047%

 False Negative: 1.9047619047619047% True Negative: 81.42857142857143%


Final Weight Matrices:
Input Layer to Hidden Layer:
[ 0.94965142 -0.79984181 -0.97360643  0.41341826 -0.5278225   1.6076254
  0.30879156  0.17703608  1.24222912  1.37386275][-3.25180384  1.57685546  5.60812705  2.20937423 -2.56466619 -0.00930577
  7.12190425  3.23578642 -0.12801905 -7.53096153][  4.9634651   -2.12026404 -10.2261213   -1.33514021  -1.67850855
  -0.86015997  -2.25962389   3.99287012   0.52677997  11.02851715][-1.96782854  2.52526767  8.46599278 -5.05898868  0.97777507  4.01277255
 -7.44578237 -2.37595255  0.14057125 -0.19201066][ 2.75035691 -4.78020291 -3.62012567 -0.21430962  3.42995713 -3.66190711
 -7.73929011 -8.08032267 -1.08176829  7.98634146][ 1.62058586 -5.27402721 -0.93463197  1.21004243  1.29792278 -5.22873623
 -0.68441649  5.88622368 -1.68870854  2.66694215][-3.69074855  0.98852985  3.83199323 -0.06501168 -0.39426525  2.87111459
  5.89429899 -8.01484851 -3.49607664 -3.11005894][-1.87918962  0.2063764  -3.95193449  1.53480338  1.50643547  4.40858457
  2.35674627  3.20056686 -4.7642564  -3.79750889]

Hidden Layer to Output Layer:
[-3.9653115  -2.7347026   7.29133065 -3.69650919 -9.53117481 -5.98055566
  6.84322267 -4.51085969][-1.31337426 -8.92719076 -1.8554163   8.17388787  6.06370531 -2.60580913
 -3.55064375 -3.56820848][ -1.86813528   8.31254738 -11.58847099   0.53066602  -5.66043951
  -4.39330196   1.76110734   2.81578272][-4.26102753 -4.75148223  0.92348754 -6.72283377  2.23922353 -2.54063852
  4.96223111  1.90982491][-3.80997028 -0.14682012 -5.94741649 -5.5866122   5.8247629   5.22874142
  2.6180458  -4.80137038][ 0.05606256  2.869494    1.16122307 -1.24144447 -6.44580418  5.65734111
 -7.42994531  1.91125291]

